 time from epoch begin (sec) , RRint (sec) , QTint (sec) ,  source data file name = 10-48-45_24_hours_part3_v3.bin ,  epoch start time Format 1 = day 1 ; 11 : 48 : 43  ,  epoch start time Format 2 =  11 : 48 : 43  ,  epoch start time Format 3 = 42523 ,  epoch start time Format 4 = 3600 , 
 6.9500000e-01 , 6.8100000e-01 , 4.2478563e-01 , 
 1.3760000e+00 , 6.7800000e-01 , 4.0392687e-01 , 
 2.0540000e+00 , 6.7400000e-01 , 4.1675219e-01 , 
 2.7280000e+00 , 6.7700000e-01 , 4.1985281e-01 , 
 3.4050000e+00 , 6.8146701e-01 , 4.2761750e-01 , 
 4.0920000e+00 , 6.8600000e-01 , 4.3549688e-01 , 
 4.7780000e+00 , 6.7500000e-01 , 4.2760437e-01 , 
 5.4530000e+00 , 6.8245033e-01 , 4.3831469e-01 , 
 6.1370000e+00 , 6.9000000e-01 , 4.4916781e-01 , 
 6.8270000e+00 , 6.9700000e-01 , 4.0914156e-01 , 
 7.5240000e+00 , 6.9400000e-01 , 4.3126875e-01 , 
 8.2180000e+00 , 7.1100000e-01 , 4.2675875e-01 , 
 8.9290000e+00 , 7.3400000e-01 , 4.3366469e-01 , 
 9.6630000e+00 , 7.4900000e-01 , 4.4324844e-01 , 
 1.0412000e+01 , 7.3700000e-01 , 4.1041000e-01 , 
 1.1149000e+01 , 7.4700000e-01 , 4.2901375e-01 , 
 1.1896000e+01 , 7.6100000e-01 , 4.4014781e-01 , 
 1.2657000e+01 , 7.5800000e-01 , 4.3577875e-01 , 
 1.3415000e+01 , 7.5100000e-01 , 4.4437594e-01 , 
 1.4166000e+01 , 7.6400000e-01 , 4.3986594e-01 , 
 1.4930000e+01 , 7.7300000e-01 , 4.5029531e-01 , 
 1.5703000e+01 , 7.7800000e-01 , 4.3281906e-01 , 
 1.6481000e+01 , 7.6000000e-01 , 4.2450375e-01 , 
 1.7241000e+01 , 7.7100000e-01 , 4.3563781e-01 , 
 1.8012000e+01 , 7.7900000e-01 , 4.3197344e-01 , 
 1.8791000e+01 , 7.8800000e-01 , 4.3718813e-01 , 
 1.9579000e+01 , 7.6500000e-01 , 4.2281250e-01 , 
 2.0344000e+01 , 7.6600000e-01 , 4.3098687e-01 , 
 2.1110000e+01 , 7.6300000e-01 , 4.3169156e-01 , 
 2.1873000e+01 , 7.7000000e-01 , 4.4212094e-01 , 
 2.2643000e+01 , 7.4800000e-01 , 4.3521500e-01 , 
 2.3391000e+01 , 7.5800000e-01 , 4.2788625e-01 , 
 2.4149000e+01 , 7.6100000e-01 , 4.2788625e-01 , 
 2.4910000e+01 , 7.7000000e-01 , 4.3634250e-01 , 
 2.5680000e+01 , 7.5100000e-01 , 4.3000031e-01 , 
 2.6431000e+01 , 7.4600000e-01 , 4.5001344e-01 , 
 2.7177000e+01 , 7.5500000e-01 , 4.2859094e-01 , 
 2.7932000e+01 , 7.5900000e-01 , 4.3747000e-01 , 
 2.8691000e+01 , 7.4700000e-01 , 4.3436938e-01 , 
 2.9438000e+01 , 7.5300000e-01 , 4.3535594e-01 , 
 3.0191000e+01 , 7.6300000e-01 , 4.3126875e-01 , 
 3.0954000e+01 , 7.6700000e-01 , 4.3732906e-01 , 
 3.1721000e+01 , 7.5500000e-01 , 4.4198000e-01 , 
 3.2476000e+01 , 7.5800000e-01 , 4.3803375e-01 , 
 3.3234000e+01 , 7.6300000e-01 , 4.3155062e-01 , 
 3.3997000e+01 , 7.7200000e-01 , 4.3183250e-01 , 
 3.4769000e+01 , 7.5600000e-01 , 4.3676531e-01 , 
 3.5525000e+01 , 7.6300000e-01 , 4.3465125e-01 , 
 3.6288000e+01 , 7.7100000e-01 , 4.3986594e-01 , 
 3.7059000e+01 , 7.6900000e-01 , 4.1971187e-01 , 
 3.7828000e+01 , 7.5200000e-01 , 4.4916781e-01 , 
 3.8580000e+01 , 7.5400000e-01 , 4.3944312e-01 , 
 3.9334000e+01 , 7.5800000e-01 , 4.4071156e-01 , 
 4.0092000e+01 , 7.5900000e-01 , 4.2549031e-01 , 
 4.0851000e+01 , 7.4600000e-01 , 4.3239625e-01 , 
 4.1597000e+01 , 7.4600000e-01 , 4.2675875e-01 , 
 4.2343000e+01 , 7.5300000e-01 , 4.3887937e-01 , 
 4.3096000e+01 , 7.6200000e-01 , 4.3577875e-01 , 
 4.3858000e+01 , 7.4600000e-01 , 4.3634250e-01 , 
 4.4604000e+01 , 7.5000000e-01 , 4.4014781e-01 , 
 4.5354000e+01 , 7.4900000e-01 , 4.3296000e-01 , 
 4.6103000e+01 , 7.5000000e-01 , 4.3718813e-01 , 
 4.6853000e+01 , 7.3800000e-01 , 4.3408750e-01 , 
 4.7591000e+01 , 7.4300000e-01 , 4.3634250e-01 , 
 4.8334000e+01 , 7.5000000e-01 , 4.3606062e-01 , 
 4.9084000e+01 , 7.5700000e-01 , 4.3873844e-01 , 
 4.9841000e+01 , 7.4100000e-01 , 4.3042312e-01 , 
 5.0582000e+01 , 7.4400000e-01 , 4.3577875e-01 , 
 5.1326000e+01 , 7.4100000e-01 , 4.2506750e-01 , 
 5.2067000e+01 , 7.2471429e-01 , 4.3252712e-01 , 
 5.2782000e+01 , 7.0900000e-01 , 4.3972500e-01 , 
 5.3491000e+01 , 7.1100000e-01 , 4.3662438e-01 , 
 5.4202000e+01 , 7.2200000e-01 , 4.2830906e-01 , 
 5.4924000e+01 , 7.2900000e-01 , 4.2534938e-01 , 
 5.5653000e+01 , 7.2600000e-01 , 4.3028219e-01 , 
 5.6379000e+01 , 7.1900000e-01 , 4.3126875e-01 , 
 5.7098000e+01 , 7.2800000e-01 , 4.2520844e-01 , 
 5.7826000e+01 , 7.4200000e-01 , 4.2563125e-01 , 
 5.8568000e+01 , 7.2700000e-01 , 4.2605406e-01 , 
 5.9295000e+01 , 7.1000000e-01 , 4.2887281e-01 , 
 6.0005000e+01 , 7.2200000e-01 , 4.2577219e-01 , 
 6.0727000e+01 , 7.1800000e-01 , 4.1773875e-01 , 
 6.1445000e+01 , 7.1400000e-01 , 4.3070500e-01 , 
 6.2159000e+01 , 7.3400000e-01 , 4.2408094e-01 , 
 6.2893000e+01 , 7.6300000e-01 , 4.2845000e-01 , 
 6.3656000e+01 , 7.9600000e-01 , 4.3112781e-01 , 
 6.4452000e+01 , 7.9700000e-01 , 4.2450375e-01 , 
 6.5249000e+01 , 7.6200000e-01 , 4.1520187e-01 , 
 6.6011000e+01 , 7.8200000e-01 , 4.3761094e-01 , 
 6.6793000e+01 , 7.9400000e-01 , 4.3493313e-01 , 
 6.7587000e+01 , 8.2000000e-01 , 4.3817469e-01 , 
 6.8407000e+01 , 8.0400000e-01 , 4.3873844e-01 , 
 6.9211000e+01 , 7.8000000e-01 , 4.2055750e-01 , 
 6.9991000e+01 , 7.9300000e-01 , 4.3620156e-01 , 
 7.0784000e+01 , 7.9800000e-01 , 4.3394656e-01 , 
 7.1582000e+01 , 8.1600000e-01 , 4.4493969e-01 , 
 7.2398000e+01 , 8.2700000e-01 , 4.3098687e-01 , 
 7.3225000e+01 , 7.9900000e-01 , 4.3493313e-01 , 
 7.4024000e+01 , 8.1500000e-01 , 4.2929562e-01 , 
 7.4839000e+01 , 8.1800000e-01 , 4.3352375e-01 , 
 7.5657000e+01 , 8.2900000e-01 , 4.3479219e-01 , 
 7.6486000e+01 , 8.1300000e-01 , 4.3648344e-01 , 
 7.7299000e+01 , 8.0100000e-01 , 4.3155063e-01 , 
 7.8100000e+01 , 8.1200000e-01 , 4.3239625e-01 , 
 7.8912000e+01 , 8.0286090e-01 , 4.3361138e-01 , 
 7.9731000e+01 , 7.9364302e-01 , 4.3483699e-01 , 
 8.0529000e+01 , 7.8466150e-01 , 4.3603117e-01 , 
 8.1298000e+01 , 7.7600637e-01 , 4.3718196e-01 , 
 8.2053000e+01 , 7.6750881e-01 , 4.3831179e-01 , 
 8.2809000e+01 , 7.5900000e-01 , 4.3944312e-01 , 
 8.3568000e+01 , 7.4400000e-01 , 4.4226187e-01 , 
 8.4312000e+01 , 7.4000000e-01 , 4.2830906e-01 , 
 8.5052000e+01 , 7.4900000e-01 , 4.4423500e-01 , 
 8.5801000e+01 , 7.6800000e-01 , 4.5649656e-01 , 
 8.6569000e+01 , 7.7700000e-01 , 4.3859750e-01 , 
 8.7346000e+01 , 7.5000000e-01 , 4.4888594e-01 , 
 8.8096000e+01 , 7.6200000e-01 , 4.4183906e-01 , 
 8.8858000e+01 , 7.6600000e-01 , 4.4282563e-01 , 
 8.9624000e+01 , 7.5300000e-01 , 4.2661781e-01 , 
 9.0377000e+01 , 7.3100000e-01 , 4.3042312e-01 , 
 9.1108000e+01 , 7.3900000e-01 , 4.4028875e-01 , 
 9.1847000e+01 , 7.3900000e-01 , 4.4042969e-01 , 
 9.2586000e+01 , 7.3700000e-01 , 4.4127531e-01 , 
 9.3323000e+01 , 7.2500000e-01 , 4.3338281e-01 , 
 9.4048000e+01 , 7.2700000e-01 , 4.5395969e-01 , 
 9.4775000e+01 , 7.2900000e-01 , 4.4042969e-01 , 
 9.5504000e+01 , 7.2500000e-01 , 4.3211437e-01 , 
 9.6229000e+01 , 7.0500000e-01 , 4.3831562e-01 , 
 9.6934000e+01 , 7.1400000e-01 , 4.5311406e-01 , 
 9.7648000e+01 , 7.1000000e-01 , 4.3098687e-01 , 
 9.8358000e+01 , 7.2700000e-01 , 4.4310750e-01 , 
 9.9085000e+01 , 7.4400000e-01 , 4.5015437e-01 , 
 9.9829000e+01 , 7.2600000e-01 , 4.4014781e-01 , 
 1.0055500e+02 , 7.2700484e-01 , 4.4113915e-01 , 
 1.0127400e+02 , 7.2800000e-01 , 4.4212094e-01 , 
 1.0200200e+02 , 7.3600000e-01 , 4.3507406e-01 , 
 1.0273800e+02 , 7.3300000e-01 , 4.4479875e-01 , 
 1.0347100e+02 , 7.4000000e-01 , 4.4014781e-01 , 
 1.0421100e+02 , 7.6800000e-01 , 4.3859750e-01 , 
 1.0497900e+02 , 7.8100000e-01 , 4.5832875e-01 , 
 1.0576000e+02 , 7.9000000e-01 , 4.3986594e-01 , 
 1.0655000e+02 , 7.6700000e-01 , 4.3803375e-01 , 
 1.0731700e+02 , 7.6700000e-01 , 4.4028875e-01 , 
 1.0808400e+02 , 7.7000000e-01 , 4.3761094e-01 , 
 1.0885400e+02 , 7.7398190e-01 , 4.2807055e-01 , 
 1.0963100e+02 , 7.7800000e-01 , 4.1844344e-01 , 
 1.1040900e+02 , 7.6593798e-01 , 4.3438085e-01 , 
 1.1117900e+02 , 7.5400000e-01 , 4.5015437e-01 , 
 1.1193300e+02 , 7.5700000e-01 , 4.3112781e-01 , 
 1.1269000e+02 , 7.5100000e-01 , 4.3000031e-01 , 
 1.1344100e+02 , 7.4400000e-01 , 4.4634906e-01 , 
 1.1418500e+02 , 7.2600000e-01 , 4.3422844e-01 , 
 1.1491100e+02 , 7.3100000e-01 , 4.2957750e-01 , 
 1.1564200e+02 , 7.2400000e-01 , 4.3169156e-01 , 
 1.1636600e+02 , 7.1400000e-01 , 4.5593281e-01 , 
 1.1708000e+02 , 7.1600000e-01 , 4.2971844e-01 , 
 1.1779600e+02 , 6.9800000e-01 , 4.2563125e-01 , 
 1.1849400e+02 , 7.1300000e-01 , 4.3817469e-01 , 
 1.1920700e+02 , 7.3100000e-01 , 4.3803375e-01 , 
 1.1993800e+02 , 7.5400000e-01 , 4.5762406e-01 , 
 1.2069200e+02 , 7.6200000e-01 , 4.5424156e-01 , 
 1.2145400e+02 , 7.4418437e-01 , 4.4455670e-01 , 
 1.2218900e+02 , 7.2700000e-01 , 4.3521500e-01 , 
 1.2291600e+02 , 7.3900000e-01 , 4.3690625e-01 , 
 1.2365500e+02 , 7.5200000e-01 , 4.3817469e-01 , 
 1.2440700e+02 , 7.4000000e-01 , 4.5889250e-01 , 
 1.2514700e+02 , 7.4200000e-01 , 4.2563125e-01 , 
 1.2588900e+02 , 7.5000000e-01 , 4.5889250e-01 , 
 1.2663900e+02 , 7.5700000e-01 , 4.4634906e-01 , 
 1.2739600e+02 , 7.6200000e-01 , 4.3310094e-01 , 
 1.2815800e+02 , 7.4100000e-01 , 4.3747000e-01 , 
 1.2889900e+02 , 7.5200000e-01 , 4.2816812e-01 , 
 1.2965100e+02 , 7.7900000e-01 , 4.4057062e-01 , 
 1.3043000e+02 , 7.9400000e-01 , 4.3140969e-01 , 
 1.3122400e+02 , 7.6100000e-01 , 4.4310750e-01 , 
 1.3198500e+02 , 7.6400000e-01 , 4.4268469e-01 , 
 1.3274900e+02 , 7.7400000e-01 , 4.6002000e-01 , 
 1.3352300e+02 , 7.7900000e-01 , 4.3662438e-01 , 
 1.3430200e+02 , 7.5300000e-01 , 4.5832875e-01 , 
 1.3505500e+02 , 7.5200000e-01 , 4.5170469e-01 , 
 1.3580700e+02 , 7.5100000e-01 , 4.0900062e-01 , 
 1.3655800e+02 , 7.4651493e-01 , 4.2627842e-01 , 
 1.3731400e+02 , 7.4200000e-01 , 4.4367125e-01 , 
 1.3805600e+02 , 7.3200000e-01 , 4.4465781e-01 , 
 1.3878800e+02 , 7.4100000e-01 , 4.3732906e-01 , 
 1.3952900e+02 , 7.3900000e-01 , 4.4536250e-01 , 
 1.4026800e+02 , 7.2100000e-01 , 4.4888594e-01 , 
 1.4098900e+02 , 7.2300000e-01 , 4.5184562e-01 , 
 1.4171200e+02 , 7.2800000e-01 , 4.3366469e-01 , 
 1.4244000e+02 , 7.3700000e-01 , 4.4085250e-01 , 
 1.4317700e+02 , 7.3900000e-01 , 4.5184562e-01 , 
 1.4391600e+02 , 7.2700000e-01 , 4.3887937e-01 , 
 1.4464300e+02 , 7.3200000e-01 , 4.3831562e-01 , 
 1.4537500e+02 , 7.4700000e-01 , 4.4324844e-01 , 
 1.4612200e+02 , 7.5800000e-01 , 4.5184563e-01 , 
 1.4688000e+02 , 7.4400000e-01 , 4.3056406e-01 , 
 1.4762400e+02 , 7.5100000e-01 , 4.3126875e-01 , 
 1.4837500e+02 , 7.6000000e-01 , 4.6438906e-01 , 
 1.4913500e+02 , 7.7200000e-01 , 4.4000687e-01 , 
 1.4990700e+02 , 7.6100000e-01 , 4.5522813e-01 , 
 1.5066800e+02 , 7.6500000e-01 , 4.4099344e-01 , 
 1.5143300e+02 , 7.6300000e-01 , 4.5593281e-01 , 
 1.5219600e+02 , 7.7400000e-01 , 4.5536906e-01 , 
 1.5297000e+02 , 7.5900000e-01 , 4.3718813e-01 , 
 1.5372900e+02 , 7.5900000e-01 , 4.5029531e-01 , 
 1.5448800e+02 , 7.6200000e-01 , 4.5029531e-01 , 
 1.5525000e+02 , 7.6600000e-01 , 4.4296656e-01 , 
 1.5601600e+02 , 7.5300000e-01 , 4.4395313e-01 , 
 1.5676900e+02 , 7.3800000e-01 , 4.4437594e-01 , 
 1.5750700e+02 , 7.3600000e-01 , 4.5663750e-01 , 
 1.5824300e+02 , 7.2000000e-01 , 4.3634250e-01 , 
 1.5896300e+02 , 7.2400000e-01 , 4.3916125e-01 , 
 1.5968700e+02 , 7.3300000e-01 , 4.3422844e-01 , 
 1.6042000e+02 , 7.4800000e-01 , 4.5283219e-01 , 
 1.6116800e+02 , 7.5100000e-01 , 4.3366469e-01 , 
 1.6191900e+02 , 7.2900000e-01 , 4.3324187e-01 , 
 1.6264800e+02 , 6.6700000e-01 , 4.2083937e-01 , 
 1.6331500e+02 , 6.1900000e-01 , 4.4014781e-01 , 
 1.6393400e+02 , 6.5500000e-01 , 4.4479875e-01 , 
 1.6458900e+02 , 6.5900000e-01 , 4.3704719e-01 , 
 1.6524800e+02 , 6.7800000e-01 , 4.2929563e-01 , 
 1.6592600e+02 , 7.0900000e-01 , 4.3761094e-01 , 
 1.6663500e+02 , 7.1800000e-01 , 4.3648344e-01 , 
 1.6735300e+02 , 7.3300000e-01 , 4.3648344e-01 , 
 1.6808600e+02 , 7.5900000e-01 , 4.3493313e-01 , 
 1.6884500e+02 , 7.8200000e-01 , 4.5015437e-01 , 
 1.6962700e+02 , 7.9600000e-01 , 4.5170469e-01 , 
 1.7042300e+02 , 7.6700000e-01 , 4.4789938e-01 , 
 1.7119000e+02 , 7.6800000e-01 , 4.4353031e-01 , 
 1.7195800e+02 , 7.7200000e-01 , 4.4367125e-01 , 
 1.7273000e+02 , 7.8300000e-01 , 4.4226187e-01 , 
 1.7351300e+02 , 7.8400000e-01 , 4.4028875e-01 , 
 1.7429700e+02 , 7.6200000e-01 , 4.3211437e-01 , 
 1.7505900e+02 , 7.7100000e-01 , 4.3704719e-01 , 
 1.7583000e+02 , 7.7600000e-01 , 4.3394656e-01 , 
 1.7660600e+02 , 7.7600000e-01 , 4.3676531e-01 , 
 1.7738200e+02 , 7.4700000e-01 , 4.5480531e-01 , 
 1.7812900e+02 , 7.5600000e-01 , 4.3902031e-01 , 
 1.7888500e+02 , 7.5700000e-01 , 4.3648344e-01 , 
 1.7964200e+02 , 7.5700000e-01 , 4.6002000e-01 , 
 1.8039900e+02 , 7.4500000e-01 , 4.3902031e-01 , 
 1.8114400e+02 , 7.4800000e-01 , 4.2774531e-01 , 
 1.8189200e+02 , 7.4800000e-01 , 4.4437594e-01 , 
 1.8264000e+02 , 7.5400000e-01 , 4.3761094e-01 , 
 1.8339400e+02 , 7.3000000e-01 , 4.3972500e-01 , 
 1.8412400e+02 , 7.3200000e-01 , 4.3972500e-01 , 
 1.8485600e+02 , 7.3100000e-01 , 4.4226187e-01 , 
 1.8558700e+02 , 7.1800000e-01 , 4.3718813e-01 , 
 1.8630500e+02 , 6.9400000e-01 , 4.3817469e-01 , 
 1.8699900e+02 , 6.8400000e-01 , 4.3634250e-01 , 
 1.8768300e+02 , 6.7400000e-01 , 4.4775844e-01 , 
 1.8835700e+02 , 6.6900000e-01 , 4.3718813e-01 , 
 1.8902600e+02 , 6.6400000e-01 , 4.5748313e-01 , 
 1.8969000e+02 , 6.6200000e-01 , 4.6678500e-01 , 
 1.9035200e+02 , 6.5900000e-01 , 4.4663094e-01 , 
 1.9101100e+02 , 6.5800000e-01 , 4.3831562e-01 , 
 1.9166900e+02 , 6.6400000e-01 , 4.3225531e-01 , 
 1.9233300e+02 , 6.6400000e-01 , 4.4254375e-01 , 
 1.9299700e+02 , 6.6900000e-01 , 4.3000031e-01 , 
 1.9366600e+02 , 6.8400000e-01 , 4.3535594e-01 , 
 1.9435000e+02 , 7.1100000e-01 , 4.3775187e-01 , 
 1.9506100e+02 , 7.0396537e-01 , 4.3244057e-01 , 
 1.9576500e+02 , 6.9700000e-01 , 4.2718156e-01 , 
 1.9646200e+02 , 7.1400000e-01 , 4.3718813e-01 , 
 1.9717600e+02 , 7.2400000e-01 , 4.2816812e-01 , 
 1.9790000e+02 , 7.1700000e-01 , 4.3775187e-01 , 
 1.9861700e+02 , 7.0700000e-01 , 4.4183906e-01 , 
 1.9932400e+02 , 6.9700000e-01 , 4.3761094e-01 , 
 2.0002100e+02 , 6.9100000e-01 , 4.4775844e-01 , 
 2.0071200e+02 , 6.7300000e-01 , 4.5987906e-01 , 
 2.0138500e+02 , 6.6700000e-01 , 4.6199312e-01 , 
 2.0205200e+02 , 6.6300000e-01 , 4.7763719e-01 , 
 2.0271500e+02 , 6.4600000e-01 , 4.5184563e-01 , 
 2.0336100e+02 , 6.4600000e-01 , 4.4775844e-01 , 
 2.0400700e+02 , 6.4500000e-01 , 4.4789937e-01 , 
 2.0465200e+02 , 6.6200000e-01 , 4.5522813e-01 , 
 2.0531400e+02 , 6.6200000e-01 , 4.4677187e-01 , 
 2.0597600e+02 , 6.6900000e-01 , 4.2534938e-01 , 
 2.0664500e+02 , 6.9600000e-01 , 4.3112781e-01 , 
 2.0734100e+02 , 7.3400000e-01 , 4.3112781e-01 , 
 2.0807500e+02 , 7.3600000e-01 , 4.2506750e-01 , 
 2.0881100e+02 , 7.0800000e-01 , 4.2929563e-01 , 
 2.0951900e+02 , 7.1900000e-01 , 4.3056406e-01 , 
 2.1023800e+02 , 7.1300000e-01 , 4.3521500e-01 , 
 2.1095100e+02 , 7.0200000e-01 , 4.3310094e-01 , 
 2.1165300e+02 , 6.9900000e-01 , 4.3239625e-01 , 
 2.1235200e+02 , 6.9000000e-01 , 4.3634250e-01 , 
 2.1304200e+02 , 6.7000000e-01 , 4.4409406e-01 , 
 2.1371200e+02 , 6.6097981e-01 , 4.6238642e-01 , 
 2.1437900e+02 , 6.5200000e-01 , 4.8059687e-01 , 
 2.1503100e+02 , 6.6000000e-01 , 4.1139656e-01 , 
 2.1569100e+02 , 6.7100000e-01 , 4.2154406e-01 , 
 2.1636200e+02 , 6.6900000e-01 , 4.2168500e-01 , 
 2.1703100e+02 , 6.7600000e-01 , 4.1858437e-01 , 
 2.1770700e+02 , 7.0300000e-01 , 4.6410719e-01 , 
 2.1841000e+02 , 7.2300000e-01 , 4.1886625e-01 , 
 2.1913300e+02 , 7.0900000e-01 , 4.3761094e-01 , 
 2.1984200e+02 , 7.2300000e-01 , 4.2436281e-01 , 
 2.2056500e+02 , 7.4100000e-01 , 4.2253062e-01 , 
 2.2130600e+02 , 7.5100000e-01 , 4.3803375e-01 , 
 2.2205700e+02 , 7.2700000e-01 , 4.2675875e-01 , 
 2.2278400e+02 , 7.2600000e-01 , 4.0561812e-01 , 
 2.2351000e+02 , 7.3700000e-01 , 4.3789281e-01 , 
 2.2424700e+02 , 7.5900000e-01 , 4.0956437e-01 , 
 2.2500600e+02 , 7.4800000e-01 , 4.3000031e-01 , 
 2.2575400e+02 , 7.1200000e-01 , 4.2408094e-01 , 
 2.2646600e+02 , 7.2000000e-01 , 4.3986594e-01 , 
 2.2718600e+02 , 7.1900000e-01 , 4.2140312e-01 , 
 2.2790500e+02 , 6.9700000e-01 , 4.2971844e-01 , 
 2.2860200e+02 , 6.9000000e-01 , 4.3352375e-01 , 
 2.2929200e+02 , 6.9100000e-01 , 4.3747000e-01 , 
 2.2998300e+02 , 6.8297678e-01 , 4.3089738e-01 , 
 2.3067000e+02 , 6.7500000e-01 , 4.2436281e-01 , 
 2.3134500e+02 , 6.8300000e-01 , 4.2168500e-01 , 
 2.3202800e+02 , 6.9200000e-01 , 4.3986594e-01 , 
 2.3272000e+02 , 6.8700000e-01 , 4.2971844e-01 , 
 2.3340700e+02 , 6.8300000e-01 , 4.2365812e-01 , 
 2.3409000e+02 , 6.9900000e-01 , 4.2083938e-01 , 
 2.3478900e+02 , 6.8900000e-01 , 4.2774531e-01 , 
 2.3547800e+02 , 6.9148736e-01 , 4.3496691e-01 , 
 2.3617400e+02 , 6.9400000e-01 , 4.4226187e-01 , 
 2.3686800e+02 , 6.9000000e-01 , 4.1238312e-01 , 
 2.3755800e+02 , 6.7200000e-01 , 4.3253719e-01 , 
 2.3823000e+02 , 6.8200000e-01 , 4.3126875e-01 , 
 2.3891200e+02 , 6.8300000e-01 , 4.3084594e-01 , 
 2.3959500e+02 , 7.0400000e-01 , 4.2859094e-01 , 
 2.4029900e+02 , 7.0700000e-01 , 4.2675875e-01 , 
 2.4100600e+02 , 6.8100000e-01 , 4.0787312e-01 , 
 2.4168700e+02 , 6.9500000e-01 , 4.2746344e-01 , 
 2.4238200e+02 , 6.9300000e-01 , 4.3070500e-01 , 
 2.4307500e+02 , 6.9549370e-01 , 4.3102131e-01 , 
 2.4376200e+02 , 6.9796582e-01 , 4.3133488e-01 , 
 2.4445400e+02 , 7.0045592e-01 , 4.3165074e-01 , 
 2.4516100e+02 , 7.0300000e-01 , 4.3197344e-01 , 
 2.4586400e+02 , 7.1736716e-01 , 4.2457218e-01 , 
 2.4658000e+02 , 7.3200000e-01 , 4.1703406e-01 , 
 2.4731200e+02 , 7.2655578e-01 , 4.1752234e-01 , 
 2.4805900e+02 , 7.2100000e-01 , 4.1802062e-01 , 
 2.4878000e+02 , 7.3300000e-01 , 4.1689312e-01 , 
 2.4951300e+02 , 7.4700000e-01 , 4.2915469e-01 , 
 2.5026000e+02 , 7.4300000e-01 , 4.3986594e-01 , 
 2.5100300e+02 , 7.2900000e-01 , 4.3000031e-01 , 
 2.5173200e+02 , 7.4000000e-01 , 4.3761094e-01 , 
 2.5247200e+02 , 7.4900000e-01 , 4.5917438e-01 , 
 2.5322100e+02 , 7.3623105e-01 , 4.5339663e-01 , 
 2.5397100e+02 , 7.2344504e-01 , 4.4761118e-01 , 
 2.5470100e+02 , 7.1100000e-01 , 4.4198000e-01 , 
 2.5541200e+02 , 7.0500000e-01 , 4.0900062e-01 , 
 2.5611700e+02 , 7.0799681e-01 , 4.1632159e-01 , 
 2.5682200e+02 , 7.1099362e-01 , 4.2364255e-01 , 
 2.5752400e+02 , 7.1397768e-01 , 4.3093236e-01 , 
 2.5823500e+02 , 7.1700000e-01 , 4.3831562e-01 , 
 2.5895200e+02 , 7.1900000e-01 , 4.2633594e-01 , 
 2.5967100e+02 , 7.3700000e-01 , 4.1957094e-01 , 
 2.6040800e+02 , 7.5000000e-01 , 4.3084594e-01 , 
 2.6115800e+02 , 7.5100000e-01 , 4.3916125e-01 , 
 2.6190900e+02 , 7.2400000e-01 , 4.2563125e-01 , 
 2.6263300e+02 , 7.1846560e-01 , 4.1527847e-01 , 
 2.6334800e+02 , 7.1300000e-01 , 4.0505437e-01 , 
 2.6406100e+02 , 7.1000000e-01 , 4.2563125e-01 , 
 2.6477100e+02 , 7.0647268e-01 , 4.2804589e-01 , 
 2.6547000e+02 , 7.0300000e-01 , 4.3042312e-01 , 
 2.6617300e+02 , 7.1600000e-01 , 4.1985281e-01 , 
 2.6688900e+02 , 7.0700000e-01 , 4.2140312e-01 , 
 2.6759600e+02 , 7.1600000e-01 , 4.1802062e-01 , 
 2.6831200e+02 , 7.2100000e-01 , 4.1026906e-01 , 
 2.6903300e+02 , 7.2000000e-01 , 4.3126875e-01 , 
 2.6975300e+02 , 7.0400000e-01 , 4.3084594e-01 , 
 2.7045700e+02 , 7.0100000e-01 , 4.3916125e-01 , 
 2.7115800e+02 , 7.0400000e-01 , 4.3521500e-01 , 
 2.7186200e+02 , 6.9100000e-01 , 4.3296000e-01 , 
 2.7255300e+02 , 6.8200000e-01 , 4.2605406e-01 , 
 2.7323500e+02 , 6.8100000e-01 , 4.3394656e-01 , 
 2.7391600e+02 , 6.8500000e-01 , 4.2633594e-01 , 
 2.7460100e+02 , 6.8400000e-01 , 4.4000687e-01 , 
 2.7528500e+02 , 6.8366454e-01 , 4.3688648e-01 , 
 2.7596500e+02 , 6.8333104e-01 , 4.3378434e-01 , 
 2.7664000e+02 , 6.8300000e-01 , 4.3070500e-01 , 
 2.7732300e+02 , 6.8700000e-01 , 4.1139656e-01 , 
 2.7801000e+02 , 6.7800000e-01 , 4.3944312e-01 , 
 2.7868800e+02 , 6.8300000e-01 , 4.2351719e-01 , 
 2.7937100e+02 , 6.8900000e-01 , 4.2394000e-01 , 
 2.8006000e+02 , 6.8800000e-01 , 4.2718156e-01 , 
 2.8074800e+02 , 6.8300000e-01 , 4.2605406e-01 , 
 2.8143100e+02 , 6.8500000e-01 , 4.1661125e-01 , 
 2.8211600e+02 , 6.7920772e-01 , 4.1859888e-01 , 
 2.8279100e+02 , 6.7350000e-01 , 4.2055750e-01 , 
 2.8348300e+02 , 6.6764853e-01 , 4.2256544e-01 , 
 2.8415100e+02 , 6.6200000e-01 , 4.2450375e-01 , 
 2.8481300e+02 , 6.5100000e-01 , 4.2802719e-01 , 
 2.8546400e+02 , 6.4700000e-01 , 4.3634250e-01 , 
 2.8611100e+02 , 6.4299070e-01 , 4.2362865e-01 , 
 2.8675500e+02 , 6.3900000e-01 , 4.1097375e-01 , 
 2.8739400e+02 , 6.4033612e-01 , 4.1516364e-01 , 
 2.8802600e+02 , 6.4165761e-01 , 4.1930763e-01 , 
 2.8866800e+02 , 6.4300000e-01 , 4.2351719e-01 , 
 2.8931100e+02 , 6.6200000e-01 , 4.1787969e-01 , 
 2.8997300e+02 , 6.7900000e-01 , 4.1661125e-01 , 
 2.9065200e+02 , 6.8295055e-01 , 4.4013520e-01 , 
 2.9134800e+02 , 6.8700000e-01 , 4.6424813e-01 , 
 2.9203500e+02 , 7.0100000e-01 , 4.4099344e-01 , 
 2.9273600e+02 , 7.1500000e-01 , 4.2506750e-01 , 
 2.9345100e+02 , 7.1800000e-01 , 4.2450375e-01 , 
 2.9416900e+02 , 6.9700000e-01 , 4.3986594e-01 , 
 2.9486600e+02 , 6.9155855e-01 , 4.4621033e-01 , 
 2.9557800e+02 , 6.8600000e-01 , 4.5269125e-01 , 
 2.9626400e+02 , 6.8499708e-01 , 4.3403310e-01 , 
 2.9694600e+02 , 6.8400000e-01 , 4.1548375e-01 , 
 2.9763000e+02 , 6.9100000e-01 , 4.2534937e-01 , 
 2.9832100e+02 , 6.7877592e-01 , 4.2779005e-01 , 
 2.9899800e+02 , 6.6679951e-01 , 4.3018128e-01 , 
 2.9966500e+02 , 6.5500000e-01 , 4.3253719e-01 , 
